-63_6__-9_88_2018-07-25.jpg,927,898,998,998,legal
